version https://git-lfs.github.com/spec/v1
oid sha256:84299826d886fa63425f723817eab731e7ff708ae42a51960f18ec1050a6a01b
size 668
